82.0000 157.6347 63.1886 148.1039 118.2477 86.2531 1.0000
54.0000 176.1741 75.1866 108.8298 73.6152 98.3062 0.0000
53.0000 155.3789 56.0569 176.9484 110.0000 86.0790 1.0000
42.0000 164.2412 81.8274 89.1876 75.0007 95.8816 0.0000
79.0000 174.0943 79.0899 98.4128 71.2373 95.2190 0.0000
57.0000 170.3493 69.2927 94.6379 84.8896 95.6292 0.0000
20.0000 178.4835 68.4767 173.9574 110.0000 85.9265 1.0000
23.0000 163.8147 70.6225 102.2136 80.0326 96.2496 0.0000
33.0000 170.7424 58.4207 176.7137 110.0000 89.5211 1.0000
23.0000 162.7311 74.1427 86.0881 76.2322 99.3032 0.0000
76.0000 141.7937 81.1766 95.1429 66.4697 98.3400 0.0000
22.0000 171.0458 86.7178 83.1054 53.5504 97.4093 0.0000
63.0000 179.6066 78.6074 110.0000 73.5810 98.9399 0.0000
87.0000 157.0427 61.8054 137.1494 110.0000 96.6202 1.0000
56.0000 163.6061 79.4449 141.6682 115.9354 95.1135 1.0000
78.0000 164.0893 53.0515 95.4266 62.5707 95.8575 0.0000
86.0000 184.4529 73.6241 169.6189 116.5165 95.9487 1.0000
62.0000 156.3798 82.7916 83.2097 90.5355 98.9069 0.0000
35.0000 177.0197 82.5422 96.0871 85.0892 97.7924 0.0000
63.0000 164.1335 72.3731 80.3263 64.6436 94.1235 0.0000
79.0000 166.9504 80.8851 99.2428 72.1803 98.0972 0.0000
73.0000 181.5618 56.5403 103.3683 82.6151 97.9255 0.0000
25.0000 166.3784 74.9713 96.2304 78.9408 97.3181 0.0000
40.0000 170.4407 94.1340 94.8597 51.5949 97.6176 0.0000
39.0000 182.2638 60.2134 94.6050 76.7477 95.3013 0.0000
24.0000 171.3932 95.7185 182.3957 84.2461 96.9626 0.0000
40.0000 166.6134 46.7719 154.8788 82.7654 99.4912 0.0000
41.0000 183.3143 71.0624 85.5995 64.1300 96.6141 0.0000
47.0000 188.7993 46.9984 100.3579 77.0712 97.1714 0.0000
70.0000 175.4949 86.5380 154.9213 113.1112 92.7896 1.0000
67.0000 163.9789 54.6623 93.1857 82.3676 96.0863 0.0000
64.0000 166.9792 68.2506 166.8706 136.3882 88.0860 1.0000
75.0000 167.0931 64.5100 184.3544 110.0000 93.6357 1.0000
24.0000 171.9980 75.9700 99.0881 90.2107 99.8232 0.0000
68.0000 169.2731 79.5533 101.7320 74.6633 95.8040 0.0000
19.0000 181.6027 68.2862 87.2260 85.8468 96.6844 0.0000
85.0000 168.7670 52.7458 106.3726 93.6325 98.1548 0.0000
43.0000 153.9343 96.0457 181.0415 120.7217 85.7070 1.0000
22.0000 174.3053 68.6271 83.6575 71.7155 95.6125 0.0000
62.0000 181.8270 89.0670 104.3166 72.9833 94.2941 0.0000
24.0000 177.9543 62.4035 123.8754 59.1863 95.1661 0.0000
40.0000 172.6790 77.9750 78.6613 73.8969 96.7952 0.0000
60.0000 166.1900 70.7028 108.4569 72.8272 98.3178 0.0000
22.0000 159.5755 81.7244 178.5731 85.0518 97.2588 0.0000
60.0000 153.9814 110.8693 90.4975 86.0335 97.0176 0.0000
86.0000 166.4849 79.8245 110.0000 66.5985 96.5368 0.0000
23.0000 181.6545 75.9005 77.5703 64.5876 95.5600 0.0000
70.0000 169.3755 71.5750 100.9386 80.5680 97.8547 0.0000
74.0000 147.7694 73.9721 102.2565 79.3965 93.6374 0.0000
38.0000 166.2461 74.0383 94.5391 101.6719 97.1865 0.0000
43.0000 162.6871 93.7970 90.2243 58.9381 94.8380 0.0000
40.0000 178.3215 63.1598 96.0172 79.0070 97.1679 0.0000
53.0000 176.2359 88.7742 97.5531 73.7750 97.3314 0.0000
31.0000 168.5112 72.6839 164.7066 110.0000 85.9238 1.0000
69.0000 166.7407 118.1158 87.2493 63.7428 95.5860 0.0000
67.0000 164.6006 71.6514 85.2781 97.5695 94.8302 0.0000
76.0000 159.9366 49.5488 85.5638 71.0774 97.4423 0.0000
33.0000 170.3376 86.2142 109.7502 76.7418 96.9595 0.0000
46.0000 160.1438 40.0000 90.0265 79.9620 97.9694 0.0000
52.0000 162.0536 45.7310 89.4904 58.8443 96.0392 0.0000
48.0000 175.4271 83.3524 92.8169 67.8486 97.7174 0.0000
48.0000 163.2955 92.2148 106.6338 94.8100 93.6871 0.0000
57.0000 171.0238 62.7988 85.9505 79.9752 96.5697 0.0000
59.0000 172.1636 79.3595 155.7644 78.2578 96.9002 0.0000
41.0000 177.9671 89.9286 180.3446 121.0107 93.0000 1.0000
67.0000 163.4906 64.9974 88.4458 69.5971 98.2385 0.0000
25.0000 174.5458 73.1655 109.4891 90.7089 95.4726 0.0000
59.0000 150.8996 53.6525 110.0000 60.9434 98.2637 0.0000
70.0000 166.0158 79.6316 87.8200 60.8829 96.7164 0.0000
62.0000 163.2038 49.2530 98.2520 65.4106 96.0636 0.0000
34.0000 164.4964 78.3407 83.6695 57.3624 93.6661 0.0000
27.0000 152.7978 58.9065 99.8608 70.4254 95.7773 0.0000
86.0000 180.4850 76.1556 168.4087 68.2033 96.3652 1.0000
22.0000 158.0053 77.5956 96.3872 86.8018 99.0953 0.0000
79.0000 161.5810 92.3387 103.5338 95.1361 96.4973 0.0000
41.0000 157.3590 71.0303 75.5903 68.2949 96.7124 0.0000
70.0000 178.6505 69.1630 103.3538 68.7562 100.0000 0.0000
59.0000 179.5161 44.6689 135.8779 150.0096 90.4220 1.0000
58.0000 171.3231 72.1087 92.2882 76.3782 95.5962 0.0000
49.0000 152.1548 84.1137 99.3423 91.2708 95.8940 0.0000
32.0000 178.9625 71.2676 105.8023 71.9924 97.6001 0.0000
72.0000 172.6578 78.4541 110.0000 77.1384 96.6265 0.0000
83.0000 164.0054 78.4725 94.7453 65.0407 96.4201 0.0000
79.0000 161.6578 78.3554 86.2065 81.5824 97.5787 0.0000
79.0000 166.6373 69.5322 100.4628 85.8194 97.6987 0.0000
51.0000 176.5520 82.7258 99.0198 90.5961 98.9123 0.0000
79.0000 172.9187 67.6050 82.5080 88.2621 97.5640 0.0000
38.0000 180.2647 81.0951 95.3629 78.0827 97.0148 0.0000
18.0000 167.9989 45.5644 83.9961 81.3386 98.2415 0.0000
20.0000 174.9665 93.6497 97.3452 67.1724 96.1852 0.0000
32.0000 168.9590 105.2186 92.6233 88.2552 97.6550 0.0000
54.0000 183.0555 118.3339 99.7896 78.6068 98.5167 0.0000
25.0000 161.9938 83.3895 102.3303 57.1520 95.5784 0.0000
23.0000 176.7914 68.4667 107.5126 69.6582 95.6241 0.0000
40.0000 180.4430 84.5689 73.8652 74.8780 96.5764 0.0000
67.0000 176.7086 83.5971 93.0697 73.2957 96.1960 0.0000
56.0000 166.6051 95.1758 106.4784 50.0000 98.1803 0.0000
45.0000 186.9818 76.2329 152.8373 83.6625 96.7293 0.0000
49.0000 149.5594 52.4757 162.4005 64.9012 96.4369 0.0000
29.0000 166.2290 60.6754 91.2422 82.0500 97.1753 0.0000
65.0000 168.6193 99.1902 173.7580 120.7814 84.5186 1.0000
50.0000 168.4864 79.8964 174.3841 63.4147 96.5979 0.0000
34.0000 183.3543 94.6439 99.3729 65.0565 99.3377 0.0000
51.0000 161.7009 87.7591 91.3461 72.2349 95.8150 0.0000
60.0000 151.3070 82.0953 105.0341 78.2295 97.7745 0.0000
68.0000 158.8138 53.2233 125.9208 110.0000 95.7286 1.0000
42.0000 174.3929 67.7409 188.4977 78.9869 96.1130 0.0000
45.0000 169.4637 93.5442 84.9194 75.4882 96.3707 0.0000
51.0000 175.2877 89.9590 81.4024 101.9058 100.0000 0.0000
63.0000 172.8610 67.5418 104.4535 75.1223 98.9240 0.0000
53.0000 156.3302 65.9061 70.0000 58.5277 97.5059 0.0000
78.0000 174.9594 83.7197 110.0000 72.6163 95.1102 0.0000
59.0000 159.0453 106.4659 110.0000 63.1170 95.0403 0.0000
66.0000 160.2069 62.8647 110.0000 86.4583 97.8471 0.0000
82.0000 167.0629 57.9174 94.8174 67.1545 97.5741 0.0000
35.0000 168.2960 108.8597 91.1407 84.0693 98.6925 0.0000
73.0000 185.0096 57.6803 100.0514 88.3979 96.8155 0.0000
57.0000 143.7567 63.6303 103.0547 68.7286 98.5301 0.0000
58.0000 166.0937 72.1171 86.4126 64.8710 97.7589 0.0000
68.0000 165.4431 64.7707 97.0502 72.5068 97.8704 0.0000
69.0000 160.5394 110.2390 100.5429 57.1609 98.5057 0.0000
22.0000 177.5475 71.8688 103.5450 97.3806 98.2684 0.0000
39.0000 171.7797 62.7959 83.4452 73.7432 97.9444 0.0000
21.0000 183.2684 70.2360 106.0488 76.8102 95.7127 0.0000
38.0000 150.7777 59.6536 95.0110 53.9940 94.2370 0.0000
56.0000 162.1817 81.3895 103.6535 72.3040 99.9296 0.0000
55.0000 165.3552 82.1989 98.9751 91.2491 99.8234 0.0000
72.0000 160.3525 69.1886 81.9297 76.4666 97.3817 0.0000
21.0000 168.3491 63.2885 89.0811 65.5013 96.0231 0.0000
36.0000 182.6332 75.6956 90.1292 71.4205 98.0848 0.0000
57.0000 166.6940 62.3456 93.7355 69.2318 99.2895 0.0000
26.0000 169.8128 80.8382 101.0363 89.7961 94.9047 0.0000
42.0000 177.3209 77.4073 90.4698 74.6099 98.0314 0.0000
63.0000 154.8948 74.1697 110.0000 78.3841 98.4538 0.0000
89.0000 164.0163 88.8439 100.2859 78.0639 97.5536 0.0000
84.0000 177.0904 46.3283 86.9160 76.4410 95.3926 0.0000
26.0000 179.2775 75.1256 95.4565 80.2148 97.2423 0.0000
86.0000 157.5479 66.9592 86.9605 80.0357 98.2081 0.0000
88.0000 155.9055 55.8416 110.0000 77.4197 97.9101 0.0000
26.0000 165.6876 60.6665 89.9793 73.5140 100.0000 0.0000
43.0000 172.8685 75.7577 106.6681 92.2892 96.8833 0.0000
89.0000 166.3594 84.6476 103.9716 65.4840 96.6500 0.0000
53.0000 170.1606 95.4810 92.4272 73.7887 98.0416 0.0000
86.0000 168.6112 82.2343 108.3177 85.0208 94.4576 0.0000
20.0000 182.9925 78.6981 171.1371 110.0000 100.0000 1.0000
56.0000 180.4781 76.7583 127.4319 143.7837 91.4222 1.0000
68.0000 179.1628 92.4141 90.1605 68.7510 93.9877 0.0000
30.0000 166.5381 72.4602 96.9575 62.2037 96.6322 0.0000
64.0000 177.8181 80.9712 98.2503 57.7302 95.0839 0.0000
35.0000 178.9403 73.1668 94.4017 80.5753 97.6000 0.0000
80.0000 168.3117 73.5583 94.1733 77.5632 96.2894 0.0000
77.0000 170.9983 90.7344 96.6982 82.3137 97.6423 0.0000
19.0000 172.7994 80.1342 109.3826 72.6889 97.2876 0.0000
64.0000 177.8414 90.2155 106.7626 76.0281 95.8474 0.0000
19.0000 179.5399 97.4363 95.2013 65.4759 95.1433 0.0000
68.0000 176.3833 66.9493 110.0000 80.3517 95.9660 0.0000
62.0000 160.3457 71.9222 97.0088 78.9677 98.0864 0.0000
43.0000 171.4559 62.8323 86.6790 70.3251 94.8867 0.0000
35.0000 162.0991 62.7568 169.3950 120.2382 84.9136 1.0000
62.0000 160.6100 66.4697 99.0739 64.5316 97.3996 0.0000
62.0000 170.0807 52.2284 93.1147 63.5507 97.8511 0.0000
89.0000 154.7211 69.5733 122.2969 149.8401 90.6684 1.0000
28.0000 174.3153 80.0465 104.5376 78.2995 96.8215 0.0000
31.0000 152.4239 66.9801 102.6217 75.9685 95.9708 0.0000
67.0000 169.3450 90.8354 82.6986 65.3457 95.6883 0.0000
20.0000 177.3888 76.9172 78.7449 73.3039 94.5978 0.0000
71.0000 176.5668 81.6000 101.8004 64.3355 95.9465 0.0000
37.0000 161.9081 50.1126 106.4131 79.4147 99.6995 0.0000
50.0000 165.3140 59.9346 184.9433 84.7305 97.5732 0.0000
68.0000 173.9501 79.0348 105.1686 71.3304 96.9236 0.0000
25.0000 173.9486 100.2479 102.7407 78.5923 96.6304 0.0000
36.0000 154.3969 83.9252 151.9043 121.5652 88.0219 1.0000
21.0000 157.3294 82.3248 94.6637 81.4143 97.5737 0.0000
31.0000 166.0832 65.6356 96.6995 74.0748 96.4019 0.0000
20.0000 161.2066 77.6679 185.2809 110.0000 93.0000 1.0000
24.0000 145.5507 77.1376 228.0197 144.9074 97.3658 1.0000
32.0000 176.2148 80.1224 103.9019 71.1109 97.4336 0.0000
28.0000 169.0853 74.9320 97.7364 85.2390 96.9286 0.0000
36.0000 169.3072 73.9257 95.0183 81.0725 97.1657 0.0000
61.0000 177.3363 94.7736 95.4856 75.0064 98.1329 0.0000
54.0000 159.9931 68.4096 94.4306 70.1107 97.9798 0.0000
74.0000 187.4353 77.3991 110.0000 68.9834 98.1005 0.0000
41.0000 180.5494 50.8171 88.0610 67.0305 96.4397 0.0000
19.0000 172.5483 92.2535 105.9867 84.1252 98.0960 0.0000
89.0000 171.8175 59.0362 99.8569 79.6951 97.7934 0.0000
73.0000 175.1813 63.9467 94.4120 77.9953 95.9519 0.0000
31.0000 158.8483 81.9344 106.2558 94.7361 98.0371 0.0000
81.0000 173.9437 53.1470 84.2012 73.8991 94.6414 0.0000
55.0000 178.1764 57.4474 70.0000 86.7736 97.0851 0.0000
75.0000 168.1589 75.9809 82.8299 60.8554 97.8618 0.0000
86.0000 164.5282 94.9480 89.2741 92.2684 97.5889 0.0000
24.0000 175.4795 87.5888 92.8095 71.6219 96.3553 0.0000
88.0000 165.4442 91.7107 94.0008 88.5379 95.8170 0.0000
19.0000 165.0613 68.2555 86.8404 71.6073 97.7763 0.0000
19.0000 177.7933 99.0695 92.3189 70.5726 98.5869 0.0000
53.0000 157.0517 94.2939 81.9692 85.0691 97.8425 0.0000
57.0000 173.4930 90.1324 89.8454 80.0665 97.8132 0.0000
52.0000 167.2172 76.3253 103.1931 75.9838 96.6000 0.0000
31.0000 164.7779 66.0586 70.0000 72.2250 96.7305 0.0000
62.0000 173.4487 84.4002 110.0000 78.5393 97.6218 0.0000
89.0000 165.2146 63.3120 95.7502 76.2417 95.5242 0.0000
32.0000 155.5190 63.6631 83.9033 82.1592 98.9728 0.0000
32.0000 175.2932 74.0715 200.6650 142.1151 94.9827 1.0000
80.0000 158.5603 66.6419 100.0118 87.6090 98.5085 0.0000
86.0000 181.1242 84.8214 105.6274 80.9000 96.4689 0.0000
77.0000 157.3452 40.0000 110.0000 69.1184 96.5149 0.0000
51.0000 171.8880 58.9324 82.9253 64.4082 97.6344 0.0000
43.0000 164.4049 65.3169 97.2400 68.2331 95.7541 0.0000
29.0000 169.1038 100.1134 83.4116 91.9241 96.5499 0.0000
81.0000 179.2437 79.0389 197.1580 63.1755 97.2808 1.0000
31.0000 179.9201 63.0084 106.9449 51.8586 96.7670 0.0000
36.0000 177.4056 77.6393 110.0000 87.8958 95.1380 0.0000
65.0000 171.8209 72.4411 108.4890 80.3554 97.6024 0.0000
55.0000 168.1181 75.6894 89.4586 63.8923 94.6629 0.0000
20.0000 143.4153 99.1691 103.0902 79.5728 97.7620 0.0000
35.0000 147.2549 84.6362 93.9875 68.1927 96.6265 0.0000
41.0000 184.6895 60.9808 120.0000 111.6311 96.7352 0.0000
51.0000 171.9347 50.7643 107.8191 75.6832 98.5467 0.0000
50.0000 172.3949 70.7590 89.6487 66.4929 98.7152 0.0000
28.0000 178.9360 88.1882 92.0712 71.2635 95.9734 0.0000
50.0000 182.9493 80.2742 87.4902 79.0642 96.6434 0.0000
46.0000 179.2658 68.3453 91.6918 67.3603 99.5975 0.0000
72.0000 162.6078 69.9093 97.6648 74.8313 97.0044 0.0000
78.0000 162.4426 57.9091 89.6706 73.9809 97.5006 0.0000
72.0000 162.2173 88.4241 103.7272 62.7876 97.2610 0.0000
89.0000 164.1924 84.1728 109.4697 58.8496 96.3601 0.0000
87.0000 161.5100 86.3918 159.8071 128.8112 91.7123 1.0000
40.0000 184.4256 89.5703 93.4170 72.7420 95.8879 0.0000
80.0000 171.7210 85.4002 107.2673 84.8112 92.9155 0.0000
60.0000 175.9905 76.3319 175.0777 110.0000 89.8404 1.0000
76.0000 169.4123 90.1376 110.0000 70.5663 96.6584 0.0000
73.0000 163.0817 58.4983 135.8154 170.0589 98.7812 1.0000
71.0000 179.4230 91.7515 100.2473 57.8856 95.6050 0.0000
87.0000 153.5580 77.3000 87.0379 67.2743 95.3415 0.0000
85.0000 169.2286 40.7434 77.5351 93.3976 94.9402 0.0000
79.0000 164.7078 70.2356 120.0000 131.2363 82.3851 1.0000
61.0000 157.9367 44.1814 110.0000 66.1542 96.3347 0.0000
43.0000 159.8416 89.0422 151.5408 147.1231 86.5306 1.0000
22.0000 165.5935 91.2179 98.7280 77.0423 97.1479 0.0000
80.0000 170.7024 78.4470 212.6769 112.5309 84.6575 1.0000
50.0000 170.9140 100.7265 70.0000 82.9047 96.7703 0.0000
68.0000 181.8148 50.5559 82.4399 72.4503 95.0504 0.0000
37.0000 163.0404 71.2759 95.8984 79.0488 96.3278 0.0000
83.0000 168.5394 55.9546 80.6255 67.9353 96.3172 0.0000
88.0000 169.6144 73.9039 89.2163 81.0067 97.2833 0.0000
28.0000 186.0970 87.1792 107.9224 67.4101 96.9548 0.0000
34.0000 183.3303 52.0130 101.3913 68.0552 98.3689 0.0000
37.0000 152.1920 90.1035 88.1262 74.2171 94.8865 0.0000
52.0000 163.0480 81.2649 85.8343 87.6534 99.8420 0.0000
57.0000 147.9467 65.6458 80.5243 72.6020 98.3159 0.0000
27.0000 140.0000 73.4448 103.0641 74.9053 97.6196 0.0000
23.0000 172.0382 89.0028 188.3114 147.6505 87.9186 1.0000
44.0000 173.4598 96.4580 181.3069 141.0398 87.8590 1.0000
54.0000 162.4000 85.1609 104.8359 77.6233 95.7954 0.0000
51.0000 163.9683 52.4492 86.1838 66.5070 96.4458 0.0000
75.0000 184.5094 75.7297 88.2487 72.6233 95.9231 0.0000
33.0000 176.4115 73.7135 95.6986 70.4147 99.4604 0.0000
44.0000 168.8947 72.2111 86.8147 93.8375 97.2136 0.0000
35.0000 160.1706 82.1242 85.7882 54.0330 98.4919 0.0000
29.0000 164.2176 102.6593 106.9936 59.1021 98.5650 0.0000
38.0000 165.0431 68.9454 91.9612 72.7005 94.6113 0.0000
24.0000 155.9180 75.5511 86.0241 76.3493 97.6143 0.0000
21.0000 164.6506 93.4436 149.3908 130.7170 84.3356 1.0000
34.0000 161.0135 67.3019 170.0155 119.9668 90.0486 1.0000
58.0000 166.2825 113.0361 98.2306 77.9756 97.3796 0.0000
46.0000 160.9949 103.7867 151.6529 110.0000 90.9635 1.0000
79.0000 159.7848 90.2826 98.8370 85.4492 96.7192 0.0000
36.0000 175.8471 44.6277 81.8208 79.8078 96.9046 0.0000
29.0000 162.6845 77.8344 93.8109 88.3388 97.2622 0.0000
22.0000 168.4808 64.3201 90.8107 78.3888 97.2991 0.0000
55.0000 187.8888 90.8737 91.6753 58.7798 97.0891 0.0000
34.0000 167.5200 71.8879 105.6598 71.4982 95.4529 0.0000
87.0000 158.8810 74.2093 179.9283 110.0000 90.4099 1.0000
82.0000 175.3660 51.3801 93.6517 83.0391 98.3321 0.0000
62.0000 178.6025 70.7672 184.3083 110.3388 97.2277 1.0000
77.0000 177.2264 56.6812 182.7925 147.3251 97.7138 1.0000
86.0000 160.3143 84.8600 107.2225 72.2030 96.7875 0.0000
66.0000 170.0095 92.9794 96.0900 61.7942 98.3652 0.0000
45.0000 169.1108 81.7355 97.0499 83.1844 96.7809 0.0000
22.0000 169.4673 69.6264 83.0328 71.7851 97.1857 0.0000
48.0000 165.5747 93.5475 159.2059 111.7693 91.5324 1.0000
21.0000 183.2492 66.1512 110.0000 79.2438 97.5643 0.0000
68.0000 169.9794 76.5245 96.6496 68.2529 97.0985 0.0000
34.0000 176.7477 69.1798 98.2060 74.3433 93.9561 0.0000
42.0000 168.1087 83.1282 92.8812 79.8248 98.5105 0.0000
60.0000 167.7436 66.8249 97.4813 74.7915 95.6955 0.0000
61.0000 153.1556 80.5819 102.5190 80.4427 96.7613 0.0000
44.0000 161.2010 81.2855 162.4661 88.7384 97.4010 0.0000
30.0000 160.2564 60.3370 90.9741 82.8163 97.9848 0.0000
32.0000 169.1194 46.3489 97.2331 89.7711 98.7442 0.0000
82.0000 174.4825 88.1914 196.0551 110.0000 88.7689 1.0000
43.0000 158.3904 66.5786 102.8342 76.7002 96.9428 0.0000
78.0000 160.4639 78.4910 120.0000 116.4758 97.5921 1.0000
38.0000 175.1867 58.4128 166.4447 69.2854 97.2844 0.0000
68.0000 168.0186 83.6983 106.9921 91.9071 94.3388 0.0000
24.0000 178.4674 88.8289 92.8678 58.3835 98.6578 0.0000
40.0000 168.1093 60.5471 89.6285 79.2588 96.8733 0.0000
72.0000 166.7078 41.1654 93.6245 82.0808 96.5514 0.0000
31.0000 168.2930 76.6668 87.1303 80.0694 97.2224 0.0000
34.0000 172.3058 112.0433 146.2702 127.7700 95.2979 1.0000
57.0000 178.4811 62.6502 100.6530 67.6409 96.0856 0.0000
22.0000 173.5338 74.6829 86.9981 95.5970 95.5087 0.0000
24.0000 168.6100 76.4425 94.6510 69.1477 97.1419 0.0000
63.0000 172.2966 52.0197 99.2767 81.0818 97.3953 0.0000
49.0000 170.6739 67.5876 99.6669 82.5609 96.7182 0.0000
59.0000 154.1461 90.9767 105.3789 58.6347 97.4918 0.0000
51.0000 166.2732 87.3892 108.2555 76.2339 95.0508 0.0000
69.0000 170.1972 88.5287 147.3391 111.7355 95.4883 1.0000
63.0000 169.8899 58.3346 163.0605 115.7065 85.5941 1.0000
84.0000 155.9024 56.0989 100.1859 90.3491 98.6416 0.0000
27.0000 170.5956 40.0000 88.6195 66.5867 96.6368 0.0000
63.0000 168.3727 71.4224 87.7169 76.3139 97.6821 0.0000
33.0000 153.5690 75.1551 137.9568 110.0000 87.5015 1.0000
55.0000 158.3028 70.3145 110.0000 82.9194 98.9577 0.0000
37.0000 160.0866 59.6389 208.1981 140.0537 95.6627 1.0000
24.0000 168.6548 70.6501 94.2041 72.8696 97.6470 0.0000
24.0000 168.6182 98.8110 110.0000 84.5801 97.1550 0.0000
86.0000 167.4976 79.3777 96.3932 78.5748 97.7806 0.0000
81.0000 171.3362 57.7177 88.1652 72.3875 97.9528 0.0000
56.0000 169.2338 80.3730 100.2086 72.1315 98.8468 0.0000
78.0000 155.2628 59.4694 90.9513 55.4337 96.6030 0.0000
47.0000 162.0584 62.8942 91.8278 65.3546 99.0579 0.0000
25.0000 161.4215 83.6163 73.2533 69.2318 95.7649 0.0000
77.0000 162.3159 62.2327 110.0000 75.0827 95.8835 0.0000
75.0000 166.1801 109.2454 103.3950 78.4133 96.4677 0.0000
27.0000 173.0006 75.3338 110.0000 88.9681 98.6316 0.0000
41.0000 166.4223 65.2215 172.9179 137.4673 95.5101 1.0000
84.0000 195.8033 86.8667 89.1612 62.1206 96.0282 0.0000
48.0000 162.0131 82.0733 190.3067 83.8871 99.8852 0.0000
42.0000 162.5359 50.3215 83.8579 72.6198 96.0118 0.0000
59.0000 155.8345 75.9694 85.9249 71.5454 98.1675 0.0000
24.0000 153.8281 107.3109 96.0859 76.1914 98.4577 0.0000
86.0000 180.4888 115.2461 101.1446 73.7420 95.2358 0.0000
53.0000 171.5239 83.2080 87.0866 70.9441 92.8248 0.0000
74.0000 164.8221 69.3047 88.7341 78.4421 98.0422 0.0000
41.0000 168.6969 76.1901 76.4543 77.2613 97.0813 0.0000
45.0000 178.0803 96.1271 90.2151 80.0194 96.8886 0.0000
43.0000 161.6126 65.7795 181.5339 52.0827 98.1373 0.0000
77.0000 170.6606 58.3090 108.5173 76.5551 96.5201 0.0000
53.0000 180.6767 57.0863 98.1854 67.3034 96.6514 0.0000
65.0000 173.1239 68.4707 98.4387 79.7626 97.8104 0.0000
18.0000 164.7930 94.0620 87.8024 72.0779 98.7601 0.0000
22.0000 178.9233 76.3968 91.7399 64.6782 98.7472 0.0000
51.0000 155.2343 58.4933 90.7384 65.6046 95.5206 0.0000
42.0000 159.1294 93.7742 178.9394 110.0000 90.2710 1.0000
69.0000 189.9425 86.5679 99.4305 83.4420 97.1820 0.0000
37.0000 170.2419 79.7190 159.5118 110.0000 85.7000 1.0000
68.0000 165.5362 55.4672 165.6218 141.3667 85.0628 1.0000
68.0000 164.3296 98.5990 96.0148 90.9696 96.8521 0.0000
47.0000 170.2310 76.4884 148.1042 139.6044 87.5481 1.0000
84.0000 161.0437 76.3287 104.3543 78.2385 97.4866 0.0000
40.0000 164.9075 70.6251 156.4055 93.6137 94.9569 0.0000
74.0000 176.6771 76.7495 108.5470 85.0867 96.4029 0.0000
81.0000 157.7990 95.2416 161.9685 72.3748 96.8500 1.0000
85.0000 171.9776 48.1822 70.0000 82.0015 96.0545 0.0000
18.0000 173.3102 60.6585 91.0556 83.3948 97.2993 0.0000
88.0000 152.9569 56.7888 99.5321 83.2857 100.0000 0.0000
34.0000 170.9759 68.5357 95.6565 67.6616 95.3503 0.0000
33.0000 182.6663 106.6441 98.1269 66.1730 96.8262 0.0000
35.0000 158.3972 40.0000 106.7814 83.0535 97.6411 0.0000
66.0000 167.9354 59.4799 87.5156 85.8889 95.7833 0.0000
18.0000 159.7619 59.0237 143.4256 80.2677 95.0418 0.0000
34.0000 168.2734 55.1507 99.6191 66.7048 96.0565 0.0000
29.0000 162.0061 94.7962 92.7471 83.6317 96.9219 0.0000
65.0000 180.4823 94.5933 100.8296 85.7230 99.1032 0.0000
60.0000 176.4487 61.4938 85.6643 98.1733 99.4510 0.0000
29.0000 161.6572 76.5207 162.5216 110.0000 96.6016 1.0000
41.0000 170.6528 81.5436 107.2119 75.8254 96.8271 0.0000
21.0000 171.8919 63.0099 87.9434 83.8903 95.8817 0.0000
36.0000 154.2688 95.4534 95.6030 80.0021 98.7465 0.0000
43.0000 147.8839 80.8216 107.1577 84.1592 97.3067 0.0000
39.0000 175.0480 58.1601 88.7306 69.2960 94.3466 0.0000
87.0000 160.6007 88.5795 166.7909 69.9823 96.0629 1.0000
51.0000 161.3328 40.6354 90.2188 88.6300 95.2842 0.0000
74.0000 172.7281 68.4476 160.4327 148.0958 87.2702 1.0000
18.0000 169.3979 71.7116 96.6438 94.2898 96.4297 0.0000
29.0000 172.4693 105.9906 127.3283 147.2161 88.9462 1.0000
89.0000 165.6702 69.2716 99.4578 70.4360 94.7695 0.0000
42.0000 170.4223 89.2123 110.0000 80.7154 94.9054 0.0000
78.0000 153.6424 81.0395 110.0000 76.6115 96.3143 0.0000
52.0000 171.7821 76.3084 72.5164 81.8236 98.9282 0.0000
56.0000 167.2244 67.8323 100.2403 57.2934 96.8629 0.0000
86.0000 176.2755 72.7150 162.3308 122.6547 97.7587 1.0000
31.0000 159.4336 84.0192 107.9488 74.3823 98.4039 0.0000
76.0000 179.7176 92.4061 70.0000 77.5877 98.4217 0.0000
39.0000 170.7421 67.7221 109.8798 57.9709 96.5276 0.0000
46.0000 165.4936 63.9555 138.7958 128.5052 98.8244 1.0000
38.0000 168.6343 87.7011 101.7660 84.9428 100.0000 0.0000
65.0000 168.9767 64.9351 93.5278 59.9979 96.6906 0.0000
35.0000 190.7077 87.3679 162.0134 123.6528 85.6234 1.0000
46.0000 166.3405 109.6849 91.5857 83.1454 95.5118 0.0000
67.0000 178.0334 74.7060 85.5713 61.9572 98.0212 0.0000
26.0000 164.8211 79.7512 85.2175 94.4202 97.3802 0.0000
28.0000 166.9806 64.0166 98.9602 88.8905 96.9492 0.0000
78.0000 197.3390 50.2849 81.6806 58.2752 96.8008 0.0000
84.0000 162.5728 48.0668 167.4923 143.8374 82.6948 1.0000
42.0000 156.7325 77.1308 98.8490 80.8544 93.3947 0.0000
84.0000 167.9969 78.2041 85.5944 84.7204 98.1862 0.0000
74.0000 170.4985 52.3926 70.4688 72.0015 97.7582 0.0000
44.0000 161.2378 53.4688 86.9855 64.3657 94.7778 0.0000
85.0000 148.9161 73.8706 212.8500 110.0000 82.7749 1.0000
47.0000 159.4985 55.0881 104.0711 96.6461 96.9527 0.0000
89.0000 162.7284 94.3674 94.5627 68.4480 96.4194 0.0000
75.0000 165.0563 86.6601 177.6699 144.2531 81.5298 1.0000
62.0000 156.9006 81.7101 102.9608 89.3764 94.9939 0.0000
49.0000 179.4328 92.1833 72.7856 64.1122 97.7434 0.0000
32.0000 170.4308 74.6195 99.1422 69.0720 97.6594 0.0000
54.0000 143.5198 74.0487 104.7454 79.3526 97.0259 0.0000
39.0000 161.6211 68.3787 105.5064 85.9137 94.9521 0.0000
61.0000 170.9938 80.7972 103.9425 85.9093 96.9395 0.0000
83.0000 153.6922 111.6482 97.2182 80.0084 97.4587 0.0000
22.0000 168.4472 78.6383 88.5162 66.5735 98.6881 0.0000
22.0000 168.1593 77.2671 108.9264 72.5309 100.0000 0.0000
73.0000 158.2360 89.6243 101.6811 94.7508 97.5662 0.0000
59.0000 151.4355 49.4249 120.1519 135.1739 85.8756 1.0000
70.0000 176.5614 107.3165 83.1507 78.8193 97.3620 0.0000
68.0000 180.1092 93.3988 88.6158 71.3605 97.0358 0.0000
55.0000 167.3202 54.3289 87.0741 71.3787 96.1893 0.0000
25.0000 160.5475 62.2915 97.7497 74.6829 95.0540 0.0000
82.0000 165.4124 102.3492 96.4448 95.2577 95.4522 0.0000
47.0000 172.7970 70.6518 100.3659 66.9451 96.3104 0.0000
65.0000 179.4341 75.1035 94.5851 66.2344 96.4762 0.0000
81.0000 161.5466 82.0715 89.5885 68.5156 98.2906 0.0000
75.0000 178.1637 79.3620 176.8070 113.6278 94.5672 1.0000
38.0000 170.7209 71.8622 106.7880 74.8335 97.4615 0.0000
25.0000 158.3497 84.2991 110.0000 91.3089 96.9438 0.0000
65.0000 167.8035 72.2437 96.6766 75.8747 97.6624 0.0000
27.0000 152.6200 77.3228 102.2953 76.3873 95.3690 0.0000
31.0000 159.6020 107.2447 84.3082 65.8687 96.2499 0.0000
89.0000 170.9557 100.9747 100.8670 78.7928 94.6378 0.0000
88.0000 173.9378 94.7838 92.4747 71.4438 95.6365 0.0000
52.0000 159.1504 66.5016 96.4940 69.7275 98.9665 0.0000
30.0000 169.7579 40.0000 99.5732 76.8517 99.8004 0.0000
44.0000 153.6739 95.0993 165.6443 121.8317 93.0000 1.0000
21.0000 179.8376 72.9077 94.8805 64.2639 97.1583 0.0000
48.0000 177.8769 62.0739 72.6867 72.6696 96.4997 0.0000
20.0000 170.6028 61.1789 141.4069 151.0459 98.7436 1.0000
76.0000 153.6664 60.7308 191.0514 125.0998 86.0209 1.0000
30.0000 180.2394 81.6037 75.4834 60.5294 97.8570 0.0000
48.0000 182.7992 85.7239 89.1281 72.2839 97.5567 0.0000
78.0000 179.3172 91.8101 88.4303 71.4139 98.8587 0.0000
33.0000 185.0165 82.8696 91.4192 80.5717 96.3538 0.0000
59.0000 169.6806 48.6960 107.3037 75.2865 94.2135 0.0000
43.0000 153.2393 74.9677 107.3460 75.2188 98.1720 0.0000
58.0000 172.6167 68.3700 88.6073 79.8908 96.1844 0.0000
57.0000 172.3284 40.0000 99.6144 76.5907 94.5052 0.0000
69.0000 180.3584 80.3740 82.0393 75.4150 96.9034 0.0000
54.0000 157.1172 73.7465 186.4607 154.5489 86.0196 1.0000
84.0000 155.1358 44.9722 96.1673 88.1714 97.6508 0.0000
82.0000 169.3383 69.0342 76.4393 72.4048 97.3633 0.0000
26.0000 164.8834 40.0000 182.8076 110.0000 90.9003 1.0000
86.0000 179.6724 95.2371 87.2156 71.7329 96.3907 0.0000
63.0000 162.4190 67.8668 107.5475 74.0389 97.0985 0.0000
82.0000 149.1481 99.3184 102.7298 80.5600 96.0368 0.0000
25.0000 159.4860 81.7720 107.9427 77.0033 96.7256 0.0000
69.0000 160.7874 55.7358 89.4435 80.9409 96.0493 0.0000
84.0000 151.9440 61.4495 91.1132 87.6090 96.3615 0.0000
25.0000 166.6141 57.3423 96.2484 82.5061 97.8239 0.0000
32.0000 166.0843 69.5191 87.5706 73.4222 96.5801 0.0000
37.0000 164.8476 60.7621 91.0638 106.8798 97.9666 0.0000
45.0000 187.0736 78.4571 79.0059 78.3930 96.8685 0.0000
31.0000 191.4008 87.8815 106.9936 60.1589 98.7327 0.0000
72.0000 182.5286 76.5801 180.5403 119.8785 87.4137 1.0000
64.0000 167.3639 76.5329 156.6325 84.4272 98.5563 1.0000
19.0000 157.9345 80.7734 110.0000 98.8410 96.3497 0.0000
64.0000 152.8859 98.5703 82.4424 84.0865 97.0262 0.0000
75.0000 172.1943 82.5374 100.3274 67.6294 95.4907 0.0000
73.0000 172.4902 57.7133 84.2945 68.4408 100.0000 0.0000
21.0000 172.6026 77.6767 95.5222 86.6572 95.6369 0.0000
66.0000 176.1826 98.2437 91.0475 86.0506 96.0138 0.0000
85.0000 158.3374 65.9072 110.0000 73.5548 98.9171 0.0000
79.0000 162.9745 100.0417 168.2750 74.7073 94.7299 1.0000
64.0000 150.4506 71.0615 99.7562 66.2136 95.8883 0.0000
61.0000 175.0044 78.1114 110.0000 76.8905 97.3023 0.0000
36.0000 176.6841 94.0124 105.8012 82.4383 96.9124 0.0000
27.0000 173.9132 80.7861 92.0835 91.0444 95.8897 0.0000
81.0000 172.1624 59.1116 170.6662 143.3181 91.0571 1.0000
80.0000 177.1864 67.7742 103.4252 87.6899 98.3256 0.0000
28.0000 180.2053 71.7905 120.0000 74.0832 95.2725 0.0000
73.0000 176.3507 99.4966 178.6080 78.0102 96.7334 1.0000
58.0000 169.2031 82.5050 137.0124 110.0000 99.5671 1.0000
58.0000 179.0073 98.6029 96.1765 70.8301 98.9759 0.0000
76.0000 162.0534 94.8114 99.3757 71.4148 96.9455 0.0000
67.0000 171.0313 60.9358 83.0095 61.9259 97.4639 0.0000
71.0000 170.6078 50.8758 83.8140 67.8849 97.4220 0.0000
50.0000 175.1257 85.9013 162.6210 139.0288 89.4739 1.0000
53.0000 156.8559 91.5913 205.6518 136.6521 97.6492 1.0000
89.0000 164.4334 69.0389 97.3624 82.7740 98.1096 0.0000
58.0000 166.8804 76.2315 89.5424 61.2123 94.8636 0.0000
66.0000 170.0980 96.4727 136.5843 121.1435 87.1790 1.0000
22.0000 161.8261 62.2658 108.3985 70.0659 94.9477 0.0000
51.0000 171.4349 64.1821 110.0000 66.4119 95.0095 0.0000
71.0000 167.3919 65.6437 192.2228 71.8465 98.9484 1.0000
32.0000 171.2430 72.1639 75.1899 79.7744 98.2068 0.0000
78.0000 168.4432 40.7807 95.5805 89.8154 96.6742 0.0000
62.0000 165.5325 59.0677 96.6150 73.9255 99.1471 0.0000
52.0000 180.8195 65.9447 172.9594 134.6284 96.5963 1.0000
64.0000 167.1477 87.2249 94.1499 91.0007 95.7756 0.0000
32.0000 185.6494 94.4400 87.4297 91.8724 95.3091 0.0000
75.0000 165.8644 68.2130 93.4016 64.0741 97.2019 0.0000
